6 0.63125 0.43125 0.05859375 0.09296875
6 0.44453125 0.24375 0.0484375 0.07421875
6 0.3796875 0.25234375 0.0515625 0.06640625
6 0.33125 0.21484375 0.04921875 0.07578125
6 0.196875 0.19296875 0.05078125 0.06875
6 0.1359375 0.2796875 0.05546875 0.06484375
6 0.271875 0.45703125 0.06171875 0.08359375
6 0.3296875 0.40078125 0.05546875 0.07109375
6 0.31015625 0.5390625 0.05 0.096875
6 0.3828125 0.57109375 0.05390625 0.09296875
6 0.140625 0.6015625 0.0546875 0.09765625
6 0.165625 0.7421875 0.065625 0.13203125
6 0.05078125 0.4375 0.0515625 0.08984375
6 0.0609375 0.54296875 0.04921875 0.096875