4 0.40234375 0.4890625 0.053125 0.0953125
4 0.49453125 0.23125 0.04765625 0.06875
4 0.44765625 0.3171875 0.04296875 0.06328125
4 0.63203125 0.25625 0.0546875 0.06875
4 0.6859375 0.29140625 0.0546875 0.0671875
4 0.75 0.27890625 0.0421875 0.08203125
4 0.97265625 0.47109375 0.0546875 0.090625
4 0.76328125 0.62265625 0.0625 0.09375
4 0.684375 0.5875 0.0546875 0.10546875
4 0.66953125 0.44453125 0.05859375 0.084375
4 0.62734375 0.50625 0.053125 0.08046875
4 0.52421875 0.65703125 0.04921875 0.1046875
4 0.4296875 0.57890625 0.05390625 0.09375